202857607 202858916
203097870
203351697
203352471
203356808
203369778
203372256
203372915
203376043
203480423
203596245
203596258
203630276
203692906
203693130
203782257 203780964
203803456 203802760
203878283
204091956
204115101
204266965
204488090
204543498 204544037
204545919
204566857
204591692
204604359
204644372
204752393
204777252
204778376
204780832
204789349
204815607
204876991
204880394
204894780
204903894
204904480
204933419
204950441
204979833
204991654
205007882
205014761 205014608
205114328
205121984
205152526
205164324
205188047
205200806
205209951
205495245
205558024
205574424
205603438
205613964
205623452
205624320
205625849
205627871 205627409
205633718
205654335
205670640
205676611
205684710
210282506
210282507
210282508
210282509
210282510
210282511
210282512
