C6 RR Lyrae Candidates:

212283691 
212291374
212291532
212304480
212309712
212314501
212329006
212330039
212334136
212335761
212335848
212340130
212343739
212346963
212347134
212350320
212359295
212379137
212384541
212385200
212390066
212394562
212400021
212404864
212405442
212409299
212412494
212417417
212417452
212425817
212426424
212430801
212441076
212447818
212450283
212451472
212453596
212453656
212455160
212457000
212459957
212462263
212463159
212463213
212466080
212469563
212472092
212476743
212507302
212511413
212521298
212524664
212532316
212534342
212535351
212540092
212544488
212571112
212571247
212575799
212579424
212597328
212597399
212597645
212598683
212603999
212607355
212614745
212614766
212622156
212626187
212631030
212639395
212639932
212643422
212643647
212646482
212648408
212649058
212652735
212668141
212688460
212692525
212693014
212698817
212699568
212699845
212707714
212712239
212717166
212719863
212724347
212725898
212726491
212727382
212746631
212753920
212763021
212763847
212765214
212766147
212773156
212775050
212780441
212784103
212785152
212788477
212788540
212791383
212795516
212801866
212808200
212814000
212814577
212817671
212821891
212831202
212832929
229227274
229228086
229228087
229228088
229228089
229228090
229228091
229228092
229228093
229228095
229228096
229228097
229228098
229228099
229228101
229228102
229228103
229228104
229228105
229228107
229228108
229228109
229228110
229228111
229228112
229228113
229228114
229228116
229228117
229228118
229228119
229228120
229228121
